3 0.33203125 0.40625 0.02109375 0.03515625
16 0.715625 0.5015625 0.01875 0.0359375
2 0.715625 0.4609375 0.0203125 0.04375
16 0.29375 0.48125 0.01015625 0.01640625
0 0.29296875 0.50234375 0.0109375 0.025
19 0.14609375 0.4203125 0.0109375 0.01875
19 0.20234375 0.4234375 0.0109375 0.01875
19 0.2609375 0.4109375 0.0078125 0.01328125
19 0.32109375 0.415625 0.0078125 0.0125
19 0.359375 0.4140625 0.00703125 0.01328125
15 0.39296875 0.5140625 0.009375 0.0140625
1 0.33203125 0.44140625 0.021875 0.03671875