3 0.3546875 0.37734375 0.02265625 0.03828125
16 0.76875 0.48046875 0.0203125 0.0390625
2 0.76875 0.43671875 0.021875 0.046875
16 0.31328125 0.45859375 0.0109375 0.0171875
0 0.31328125 0.48203125 0.01171875 0.02734375
19 0.15390625 0.39296875 0.01171875 0.0203125
19 0.21484375 0.39609375 0.01171875 0.0203125
19 0.278125 0.3828125 0.0078125 0.0140625
19 0.34296875 0.3875 0.0078125 0.0140625
19 0.384375 0.3859375 0.0078125 0.0140625
15 0.4203125 0.49453125 0.01015625 0.015625
1 0.3546875 0.41640625 0.0234375 0.03984375