3 0.27421875 0.3921875 0.03515625 0.059375
16 0.95703125 0.565625 0.03515625 0.0703125
2 0.9578125 0.4875 0.0359375 0.08125
0 0.284375 0.57265625 0.01484375 0.034375
19 0.0984375 0.459375 0.01484375 0.025
19 0.171875 0.465625 0.01484375 0.02421875
19 0.24921875 0.4515625 0.009375 0.0171875
19 0.32890625 0.4609375 0.009375 0.01640625
19 0.3796875 0.4609375 0.01015625 0.0171875
16 0.28515625 0.54375 0.01328125 0.02265625
15 0.42109375 0.59375 0.0140625 0.01953125
1 0.27265625 0.453125 0.0328125 0.059375