5 0.33801334365457975 0.36766578561337415 0.02798115626060227 0.040779536104353475
30 0.7460936837657803 0.49662814041039327 0.02329365626060227 0.04075226502711473
4 0.7499924992822098 0.45211052594901274 0.02669147477225664 0.048582945745273776
30 0.28913684483570606 0.4470851200205255 0.013154764427970278 0.018822722872636886
0 0.28675588930074325 0.4705135296614458 0.013482146641955416 0.028197722872636888
26 0.13394340254758716 0.37116699375348405 0.013209328130301134 0.020385222872636888
26 0.19544389773826376 0.377776062937129 0.013209328130301134 0.020385222872636888
26 0.2606150299522489 0.3687783128389331 0.009920637023308565 0.015679542154477664
26 0.32518596144059464 0.37696806274073724 0.00986607332097771 0.014117042154477667
26 0.3665649295894292 0.3779902072563471 0.009920637023308565 0.015679542154477664
22 0.39394090672393844 0.4891095144379395 0.011483137023308564 0.015688632513557364