5 0.3296813921779188 0.400042716621593 0.028370439695149675 0.04251476400381797
30 0.7598001633533535 0.45519000922982294 0.025245439695149585 0.04247840133672707
4 0.7553717385871226 0.4107133032304593 0.02841589149054773 0.05032726400381797
30 0.29558767242853984 0.48637111529282 0.01418067466803503 0.020476132001908988
0 0.2970138170423456 0.5097904339592746 0.014226126463433086 0.028288632001908988
26 0.1271240187395478 0.43911594931572806 0.014189765027114642 0.022038632001909163
26 0.18886094945770704 0.43527278664068303 0.014189765027114642 0.022038632001909163
26 0.25226491930528183 0.41344269263209255 0.011037493949875809 0.01731476933481808
26 0.31789900966436146 0.41111657662318385 0.00946590359079611 0.015734088001272538
26 0.3601183259211401 0.40515693061745683 0.011037493949875809 0.01731476933481808
22 0.407942226683266 0.510062059277548 0.01259999394987581 0.01733295066836362